0 0.0
1 0.0998334166468
2 0.198669330795
3 0.295520206661
4 0.389418342309
5 0.479425538604
6 0.564642473395
7 0.644217687238
8 0.7173560909
9 0.783326909627
10 0.841470984808
11 0.891207360061
12 0.932039085967
13 0.963558185417
14 0.985449729988
15 0.997494986604
16 0.999573603042
17 0.991664810452
18 0.973847630878
19 0.946300087687
20 0.909297426826
21 0.863209366649
22 0.80849640382
23 0.745705212177
24 0.675463180551
25 0.598472144104
26 0.515501371821
27 0.427379880234
28 0.334988150156
29 0.239249329214
30 0.14112000806
31 0.0415806624333
32 -0.0583741434276
33 -0.157745694143
34 -0.255541102027
35 -0.35078322769
36 -0.442520443295
37 -0.529836140908
38 -0.611857890943
39 -0.687766159184
40 -0.756802495308
41 -0.818277111064
42 -0.871575772414
43 -0.916165936749
44 -0.95160207389
45 -0.977530117665
46 -0.993691003633
47 -0.999923257564
48 -0.996164608836
49 -0.982452612624
50 -0.958924274663
51 -0.925814682328
52 -0.88345465572
53 -0.832267442224
54 -0.772764487556
55 -0.70554032557
56 -0.631266637872
57 -0.550685542598
58 -0.464602179414
59 -0.37387666483
60 -0.279415498199
61 -0.182162504272
62 -0.0830894028175
63 0.0168139004844
64 0.11654920485
65 0.215119988088
66 0.311541363513
67 0.404849920617
68 0.494113351139
69 0.578439764388
70 0.656986598719
71 0.728969040126
72 0.793667863849
73 0.850436620629
74 0.898708095812
75 0.937999976775
76 0.967919672031
77 0.988168233877
78 0.998543345375
79 0.99894134184
80 0.989358246623
81 0.969889810845
82 0.94073055668
83 0.902171833756
84 0.854598908088
85 0.798487112623
86 0.734397097874
87 0.662969230082
88 0.584917192892
89 0.501020856458
90 0.412118485242
91 0.319098362349
92 0.2228899141
93 0.124454423507
94 0.0247754254534
95 -0.0751511204618
96 -0.174326781223
97 -0.271760626411
98 -0.366479129252
99 -0.457535893775
100 -0.544021110889
101 -0.625070648893
102 -0.699874687594
103 -0.767685809764
104 -0.827826469086
105 -0.879695759972
106 -0.922775421613
107 -0.95663501627
108 -0.980936230066
109 -0.995436253306
110 -0.999990206551
111 -0.994552588204
112 -0.979177729151
113 -0.954019249902
114 -0.919328525665
115 -0.875452174688
116 -0.822828594969
117 -0.761983583919
118 -0.693525084777
119 -0.618137112237
120 -0.536572918
121 -0.449647464535
122 -0.358229282237
123 -0.263231791366
124 -0.165604175448
125 -0.0663218973512
126 0.0336230472211
127 0.13323204142
128 0.231509825102
129 0.327474439138
130 0.420167036827
131 0.508661464372
132 0.592073514707
133 0.669569762197
134 0.740375889952
135 0.803784426552
136 0.859161814856
137 0.905954742308
138 0.943695669444
139 0.972007501395
140 0.990607355695
141 0.999309388748
142 0.998026652716
143 0.986771964275
144 0.965657776549
145 0.934895055525
146 0.894791172141
147 0.845746831143
148 0.788252067375
149 0.722881349512
150 0.650287840157
151 0.57119686966
152 0.486398688854
153 0.396740573131
154 0.303118356746
155 0.206467481938
156 0.107753652299
157 0.00796318378594
158 -0.0919068502277
159 -0.190858581374
160 -0.287903316665
161 -0.382071417184
162 -0.472421986398
163 -0.558052271287
164 -0.638106682348
165 -0.711785342369
166 -0.778352078534
167 -0.83714177802
168 -0.887567033582
169 -0.929124012734
170 -0.96139749188
171 -0.984065005082
172 -0.996900066042
173 -0.999774431073
174 -0.992659380471
175 -0.975626005468
176 -0.948844497918
177 -0.912582449791
178 -0.867202179486
179 -0.813157111661
180 -0.750987246772
181 -0.681313765555
182 -0.604832822406
183 -0.522308589627
184 -0.434565622072
185 -0.34248061847
186 -0.246973661737
187 -0.148999025814
188 -0.0495356408784
189 0.0504226878068
190 0.149877209663
191 0.247834207983
192 0.34331492882
193 0.435365360373
194 0.523065765158
195 0.60553986972
196 0.681963620068
197 0.751573415352
198 0.813673737507
199 0.867644100642
